Matrix 0 (A) is
[[ 5.  2.  0.  4.  3.  9.  1.  6.]
 [ 8.  7.  9.  8.  0.  2.  3.  0.]
 [ 6.  7.  5.  8.  6.  5.  7.  2.]
 [ 2.  8.  5.  0.  5.  7.  3.  5.]
 [ 2.  8.  6.  2.  1.  9.  8.  3.]
 [ 3.  0.  1.  3.  3.  7.  4.  2.]
 [ 2.  6.  3.  5.  9.  4.  6.  1.]
 [ 4.  1.  8.  6.  4.  9.  2.  0.]]
Matrix 1 (B) is
[[ 1.  1.  6.  0.  2.  6.  0.  9.]
 [ 3.  2.  5.  8.  6.  7.  5.  4.]
 [ 7.  6.  9.  4.  3.  2.  9.  0.]
 [ 1.  5.  2.  1.  7.  2.  6.  3.]
 [ 6.  5.  1.  8.  7.  4.  0.  8.]
 [ 6.  9.  1.  6.  1.  1.  2.  2.]
 [ 6.  8.  4.  7.  8.  7.  5.  6.]
 [ 5.  8.  7.  0.  8.  5.  5.  3.]]
Answer is
[[ 123.  181.  106.  105.  136.  110.   87.  131.]
 [ 130.  158.  194.  133.  167.  154.  183.  146.]
 [ 188.  237.  185.  211.  244.  199.  183.  212.]
 [ 176.  200.  156.  187.  173.  151.  139.  137.]
 [ 193.  238.  173.  208.  188.  168.  179.  139.]
 [ 107.  150.   73.  101.  106.   83.   71.  104.]
 [ 165.  194.  123.  203.  207.  157.  130.  176.]
 [ 159.  201.  134.  146.  133.   98.  141.  120.]]
Your answer is:
[[ 123.  181.  106.  105.  136.  110.   87.  131.]
 [ 130.  158.  194.  133.  167.  154.  183.  146.]
 [ 188.  237.  185.  211.  244.  199.  183.  212.]
 [ 176.  200.  156.  187.  173.  151.  139.  137.]
 [ 193.  238.  173.  208.  188.  168.  179.  139.]
 [ 107.  150.   73.  101.  106.   83.   71.  104.]
 [ 165.  194.  123.  203.  207.  157.  130.  176.]
 [ 159.  201.  134.  146.  133.   98.  141.  120.]]
##########

                                   ___
                               ,-""   `.
       Thank Mr. Goose       ,'  _   ' )`-._
                            /  ,' `-._<.===-'
                           /  /
                          /  ;
              _          /   ;
 (`._    _.-"" ""--..__,'    |
 <_  `-""                     \
  <`-                          :
   (__   <__.                  ;
     `-.   '-.__.      _.'    /
        \      `-.__,-'    _,'
         `._    ,    /__,-'
            ""._\__,'< <____
                 | |  `----.`.
                 | |        \ `.
                 ; |___      \-``
                 \   --<
                  `.`.<
                    `-'
                    

##########
