Matrix 0 (A) is
[[ 1.  1.  2.  6.  5.  2.  5.  5.]
 [ 3.  0.  8.  6.  5.  4.  8.  1.]
 [ 1.  8.  7.  1.  9.  2.  3.  8.]
 [ 0.  8.  1.  5.  2.  5.  0.  8.]
 [ 2.  1.  1.  1.  7.  2.  5.  0.]
 [ 9.  9.  6.  3.  7.  8.  0.  3.]
 [ 5.  6.  1.  8.  2.  7.  8.  5.]
 [ 7.  7.  5.  5.  4.  4.  1.  3.]]
Matrix 1 (B) is
[[ 1.  5.  4.  2.  1.  0.  3.  9.]
 [ 4.  0.  2.  2.  4.  4.  6.  7.]
 [ 4.  7.  4.  4.  2.  9.  7.  8.]
 [ 2.  7.  0.  1.  4.  5.  3.  6.]
 [ 2.  9.  3.  6.  7.  5.  6.  5.]
 [ 1.  5.  3.  0.  2.  3.  8.  7.]
 [ 0.  8.  8.  3.  2.  2.  0.  5.]
 [ 6.  3.  2.  6.  4.  5.  9.  1.]]
Answer is
[[  67.  171.   85.   93.  102.  118.  132.  137.]
 [  67.  245.  137.  104.  106.  160.  154.  221.]
 [ 131.  200.  121.  158.  156.  197.  245.  209.]
 [ 103.  109.   57.   85.  110.  131.  194.  147.]
 [  28.  137.   81.   68.   75.   69.   80.  113.]
 [ 115.  220.  129.  123.  146.  179.  265.  304.]
 [  90.  220.  137.  100.  127.  145.  195.  247.]
 [  95.  178.  100.   98.  115.  147.  196.  238.]]
Your answer is:
[[  67.  171.   85.   93.  102.  118.  132.  137.]
 [  67.  245.  137.  104.  106.  160.  154.  221.]
 [ 131.  200.  121.  158.  156.  197.  245.  209.]
 [ 103.  109.   57.   85.  110.  131.  194.  147.]
 [  28.  137.   81.   68.   75.   69.   80.  113.]
 [ 115.  220.  129.  123.  146.  179.  265.  304.]
 [  90.  220.  137.  100.  127.  145.  195.  247.]
 [  95.  178.  100.   98.  115.  147.  196.  238.]]
##########

                                   ___
                               ,-""   `.
       Thank Mr. Goose       ,'  _   ' )`-._
                            /  ,' `-._<.===-'
                           /  /
                          /  ;
              _          /   ;
 (`._    _.-"" ""--..__,'    |
 <_  `-""                     \
  <`-                          :
   (__   <__.                  ;
     `-.   '-.__.      _.'    /
        \      `-.__,-'    _,'
         `._    ,    /__,-'
            ""._\__,'< <____
                 | |  `----.`.
                 | |        \ `.
                 ; |___      \-``
                 \   --<
                  `.`.<
                    `-'
                    

##########
