Matrix 0 (A) is
[[ 9.  6.  3.  7.  7.  0.  5.  2.]
 [ 7.  3.  2.  3.  2.  9.  2.  6.]
 [ 0.  1.  7.  3.  5.  2.  1.  4.]
 [ 7.  1.  1.  8.  5.  0.  8.  7.]
 [ 3.  8.  3.  7.  6.  6.  1.  8.]
 [ 9.  0.  7.  7.  3.  9.  3.  4.]
 [ 0.  4.  0.  3.  3.  5.  6.  3.]
 [ 1.  0.  0.  9.  1.  8.  5.  3.]]
Matrix 1 (B) is
[[ 0.  1.  9.  3.  2.  4.  4.  9.]
 [ 5.  3.  5.  1.  2.  2.  2.  1.]
 [ 1.  7.  7.  6.  9.  4.  4.  4.]
 [ 1.  6.  7.  0.  3.  9.  5.  0.]
 [ 5.  5.  4.  2.  4.  4.  6.  5.]
 [ 7.  1.  6.  2.  4.  5.  4.  9.]
 [ 5.  7.  3.  2.  2.  6.  5.  5.]
 [ 3.  2.  5.  2.  0.  1.  8.  2.]]
Answer is
[[ 106.  164.  234.   79.  116.  183.  178.  163.]
 [ 121.   93.  211.   74.   95.  140.  163.  187.]
 [  71.  112.  130.   67.  104.   97.  120.   85.]
 [ 100.  160.  210.   68.   85.  181.  200.  147.]
 [ 151.  149.  240.   77.  120.  171.  204.  152.]
 [ 119.  153.  274.  107.  156.  206.  200.  228.]
 [ 112.   98.  116.   38.   61.  111.  115.  100.]
 [ 104.  109.  154.   37.   75.  162.  136.  117.]]
Your answer is:
[[ 106.  164.  234.   79.  116.  183.  178.  163.]
 [ 121.   93.  211.   74.   95.  140.  163.  187.]
 [  71.  112.  130.   67.  104.   97.  120.   85.]
 [ 100.  160.  210.   68.   85.  181.  200.  147.]
 [ 151.  149.  240.   77.  120.  171.  204.  152.]
 [ 119.  153.  274.  107.  156.  206.  200.  228.]
 [ 112.   98.  116.   38.   61.  111.  115.  100.]
 [ 104.  109.  154.   37.   75.  162.  136.  117.]]
##########

                                   ___
                               ,-""   `.
       Thank Mr. Goose       ,'  _   ' )`-._
                            /  ,' `-._<.===-'
                           /  /
                          /  ;
              _          /   ;
 (`._    _.-"" ""--..__,'    |
 <_  `-""                     \
  <`-                          :
   (__   <__.                  ;
     `-.   '-.__.      _.'    /
        \      `-.__,-'    _,'
         `._    ,    /__,-'
            ""._\__,'< <____
                 | |  `----.`.
                 | |        \ `.
                 ; |___      \-``
                 \   --<
                  `.`.<
                    `-'
                    

##########
