Matrix 0 (A) is
[[ 8.  5.  3.  4.  3.  8.  9.  7.]
 [ 5.  7.  9.  7.  5.  0.  0.  6.]
 [ 1.  8.  0.  6.  8.  4.  3.  2.]
 [ 2.  6.  8.  8.  4.  5.  3.  4.]
 [ 6.  5.  3.  8.  1.  2.  4.  5.]
 [ 7.  9.  4.  5.  0.  0.  7.  8.]
 [ 9.  0.  5.  6.  2.  5.  2.  8.]
 [ 2.  3.  8.  2.  1.  2.  0.  5.]]
Matrix 1 (B) is
[[ 3.  9.  7.  8.  0.  6.  3.  5.]
 [ 2.  7.  5.  3.  7.  8.  2.  4.]
 [ 2.  0.  3.  0.  5.  3.  6.  7.]
 [ 0.  4.  7.  8.  8.  2.  2.  2.]
 [ 9.  5.  4.  3.  6.  0.  2.  1.]
 [ 8.  0.  4.  2.  2.  6.  0.  8.]
 [ 8.  9.  5.  2.  3.  8.  4.  7.]
 [ 6.  6.  2.  6.  3.  8.  4.  1.]]
Answer is
[[ 245.  261.  221.  196.  164.  281.  130.  226.]
 [ 128.  183.  178.  168.  198.  175.  131.  141.]
 [ 159.  168.  156.  130.  175.  146.   67.  112.]
 [ 158.  163.  183.  150.  201.  186.  118.  175.]
 [ 121.  192.  174.  172.  151.  185.  100.  137.]
 [ 151.  257.  192.  185.  168.  256.  133.  166.]
 [ 159.  181.  174.  188.  125.  191.  113.  156.]
 [  83.   82.   89.   78.  102.  116.   86.  104.]]
Your answer is:
[[ 245.  261.  221.  196.  164.  281.  130.  226.]
 [ 128.  183.  178.  168.  198.  175.  131.  141.]
 [ 159.  168.  156.  130.  175.  146.   67.  112.]
 [ 158.  163.  183.  150.  201.  186.  118.  175.]
 [ 121.  192.  174.  172.  151.  185.  100.  137.]
 [ 151.  257.  192.  185.  168.  256.  133.  166.]
 [ 159.  181.  174.  188.  125.  191.  113.  156.]
 [  83.   82.   89.   78.  102.  116.   86.  104.]]
##########

                                   ___
                               ,-""   `.
       Thank Mr. Goose       ,'  _   ' )`-._
                            /  ,' `-._<.===-'
                           /  /
                          /  ;
              _          /   ;
 (`._    _.-"" ""--..__,'    |
 <_  `-""                     \
  <`-                          :
   (__   <__.                  ;
     `-.   '-.__.      _.'    /
        \      `-.__,-'    _,'
         `._    ,    /__,-'
            ""._\__,'< <____
                 | |  `----.`.
                 | |        \ `.
                 ; |___      \-``
                 \   --<
                  `.`.<
                    `-'
                    

##########
